Title: New Hubble Space Telescope Observations of Heavy Elements in 
       Four Metal-Poor Stars
Authors: Roederer I.U., Lawler J.E., Sobeck J.S., Beers T.C., Cowan J.J., 
         Frebel A., Ivans I.I., Schatz H., Sneden C., Thompson I.B.
Table: Line-by-line Iron Abundances
================================================================================
Byte-by-byte Description of file: apjs450597t9_mrt.txt
--------------------------------------------------------------------------------
   Bytes Format Units Label     Explanations
--------------------------------------------------------------------------------
   1-  5 A5     ---   Fe        Iron ionization state  
   7- 13 F7.2   0.1nm Wave      Line wavelength; Angstroms
  15- 18 F4.2   eV    ExPot     Excitation potential
  20- 24 F5.2   [-]   log(gf)   Log of the oscillator strength
  26- 29 F4.2   [-]   HD108317  ? Log number abundance of HD 108317
  31- 34 F4.2   [-]   HD122563  ? Log number abundance of HD 122563
  36- 39 F4.2   [-]   HD126238  ? Log number abundance of HD 126238
  41- 44 F4.2   [-]   HD128279  ? Log number abundance of HD 128279
--------------------------------------------------------------------------------
Fe I  2283.30 0.12 -2.22 5.31           5.34 
Fe I  2369.46 0.11 -2.20 5.02 4.49      4.92 
Fe I  2371.43 0.09 -1.95 5.13 4.39      5.14 
Fe I  2445.21 0.86 -2.02 4.95                
Fe I  2462.18 0.05 -1.30 4.99           5.07 
Fe I  2476.66 0.99 -1.08 4.65                
Fe I  2486.69 0.96 -0.91 4.91 4.20      4.74 
Fe I  2539.36 0.92 -1.79 5.24           5.02 
Fe I  2644.00 1.01 -0.91 4.81      5.20 4.87 
Fe I  2645.42 0.11 -2.75 4.85      5.38 4.84 
Fe I  2647.56 0.05 -2.42 5.11      5.56 5.10 
Fe I  2656.79 1.48 -1.77 5.06                
Fe I  2717.79 0.96 -1.97 4.92      5.60 4.72 
Fe I  2730.98 1.01 -1.68 4.97           4.90 
Fe I  2738.21 1.01 -2.64 5.00           5.09 
Fe I  2754.03 0.99 -1.38 4.99 4.48      5.06 
Fe I  2769.67 0.86 -2.13 5.19           5.21 
Fe I  2867.31 1.61 -1.97 4.93 4.35 5.54 4.95 
Fe I  2920.69 1.61 -1.39 4.93           4.88 
Fe I  2929.62 1.61 -2.22 4.89      5.31 4.95 
Fe I  2980.53 2.76 -0.81 5.01           5.10 
Fe I  2990.39 2.73 -0.28 4.75 4.13 5.56 4.89 
Fe I  2996.39 2.42 -0.94 4.77 4.03      4.87 
Fe I  3003.03 0.96 -1.30 5.14 4.45 5.78 5.10 
Fe I  3004.11 2.43 -1.38 4.69      5.45 4.88 
Fe I  3009.57 0.91 -0.76 5.05 4.72 5.84 5.26 
Fe I  3011.48 2.76 -0.33 4.79           4.85 
Fe I  3014.17 0.96 -2.76 4.82 4.58      4.96 
Fe I  3015.92 2.43 -1.11 5.02           5.26 
Fe I  3016.18 0.99 -1.44 4.88                
Fe I  3039.32 2.43 -1.54 5.13 4.62      5.14 
Fe I  3055.26 1.56 -1.18 5.25 4.92      5.36 
Fe I  3180.22 2.45 -0.22 5.01 4.47 5.50 4.97 
Fe I  3188.82 2.48 -0.72 5.01 4.45 5.62 5.01 
Fe I  3207.08 2.40 -1.58 5.11           5.10 
Fe I  3230.96 2.45 -0.54 4.84 4.28 5.32 4.96 
Fe I  3246.48 2.59 -1.45 5.04 4.39 5.54 5.08 
Fe I  3248.20 2.45 -0.67 5.00      5.35 5.03 
Fe I  3253.60 3.25 -0.64 4.97 4.34 5.46 5.22 
Fe I  3257.59 2.18 -1.15 4.89 4.38 5.40 4.96 
Fe I  3259.99 2.45 -1.37 5.17      5.79 5.27 
Fe I  3264.51 2.20 -1.32 4.86 4.25 5.47 4.97 
Fe I  3265.05 0.09 -3.00 5.02 4.70 5.71 4.95 
Fe I  3265.62 2.18 -0.61 4.83 4.09      4.89 
Fe I  3268.23 2.22 -1.54 4.96 4.30 5.55 5.00 
Fe I  3272.60 1.56 -3.19 4.98      5.60 5.03 
Fe I  3280.26 3.30 -0.13 4.97           5.03 
Fe I  3293.14 1.61 -3.12 5.21 4.52 5.58 5.18 
Fe I  3323.74 2.83 -0.63 4.94 4.33 5.26 4.95 
Fe I  3324.54 2.40 -1.50 5.06 4.36 5.57 5.06 
Fe I  3325.46 2.45 -1.56 5.04      5.37      
Fe I  3328.87 3.27 -0.39 4.97      5.30 5.03 
Fe I  3331.61 2.43 -1.57 4.91 4.29 5.38 5.00 
Fe I  3335.77 2.85 -1.20 5.09      5.64      
Fe I  3337.66 2.69 -1.04 4.84      5.37 4.95 
Fe I  3339.19 2.45 -1.69 4.82      5.29      
Fe I  3351.52 2.20 -2.10 5.01           5.13 
Fe I  3351.74 2.73 -1.59 5.13      5.60 5.05 
Fe I  3354.06 2.86 -1.17 4.88      5.52      
Fe I  3355.23 3.30 -0.40 4.95      5.37      
Fe I  3379.02 2.18 -1.41 5.01 4.56 5.52 5.10 
Fe I  3380.11 2.76 -0.70 5.06 4.60      5.16 
Fe I  3381.33 2.85 -1.86 4.92 4.57 5.52 4.96 
Fe I  3382.40 2.18 -1.91 5.05                
Fe I  3383.98 2.18 -1.11 5.09                
Fe I  3392.30 2.20 -1.07 4.81 4.33 5.39 4.89 
Fe I  3396.98 0.96 -2.43 4.95      5.61 4.92 
Fe I  3397.64 0.99 -3.17 5.03                
Fe I  3410.90 0.91 -3.31 4.87 4.35 5.53 5.00 
Fe I  3411.35 2.73 -1.02 4.91      5.37 4.97 
Fe I  3418.51 2.22 -0.76 4.89 4.15 5.44 4.96 
Fe I  3424.28 2.18 -0.70 4.85           4.95 
Fe I  3425.01 3.05 -0.50 4.88                
Fe I  3428.19 2.20 -0.82 4.89           4.93 
Fe I  3431.81 2.83 -1.16 4.92      5.40 4.97 
Fe I  3442.36 2.28 -1.39 5.06 4.48 5.47 5.06 
Fe I  3442.67 0.96 -2.66 4.95           5.03 
Fe I  3445.15 2.20 -0.54 4.82      5.39 4.80 
Fe I  3447.28 2.20 -1.02 4.83           4.85 
Fe I  3451.91 2.22 -1.00 4.96 4.42 5.47 4.92 
Fe I  3452.27 0.96 -1.92 4.94 4.55 5.45 4.86 
Fe I  3463.30 1.48 -2.72 4.85      5.35 4.87 
Fe I  3466.50 0.86 -2.70 4.86 4.39 5.34 4.85 
Fe I  3468.84 2.56 -1.29 5.01 4.43      5.10 
Fe I  3469.01 3.30 -0.86 5.08 4.52      5.13 
Fe I  3469.83 2.61 -1.56 5.01 4.53 5.61 5.11 
Fe I  3476.34 3.60 -0.46 4.64           4.73 
Fe I  3493.69 2.73 -1.85 4.83      5.57      
Fe I  3500.56 2.59 -1.31 4.92 4.55 5.48 4.99 
Fe I  3505.06 3.02 -1.01 4.97 4.45 5.49 5.03 
Fe I  3512.23 2.85 -1.49 4.99 4.58      5.02 
Fe I  3514.63 2.40 -2.02 4.95           5.03 
Fe I  3516.41 3.02 -1.22 5.16 4.62 5.75 5.22 
Fe I  3516.56 2.87 -1.20 4.91 4.39 5.51 4.97 
Fe I  3518.87 2.20 -1.96 4.96 4.50 5.62 5.04 
Fe I  3522.27 2.83 -0.99 5.01 4.41 5.51 5.07 
Fe I  3522.90 2.88 -1.34 4.96 4.42      5.03 
Fe I  3530.39 2.81 -0.95 4.97 4.45      5.04 
Fe I  3537.49 2.59 -1.53 4.97 4.54 5.52 5.05 
Fe I  3537.73 2.61 -1.13 4.95 4.40 5.47 5.01 
Fe I  3537.89 2.83 -0.78 5.06 4.57 5.67 5.17 
Fe I  3540.12 2.87 -0.80 4.99 4.47 5.61 5.10 
Fe I  3540.71 0.91 -2.49 4.88 4.42      4.96 
Fe I  3543.38 2.43 -2.00 4.96      5.54 5.02 
Fe I  3543.67 3.41 -0.81 5.09 4.56      5.18 
Fe I  3544.63 2.61 -1.82 5.15 4.58 5.73 5.21 
Fe I  3547.19 3.30 -0.92 4.86      5.46 4.97 
Fe I  3549.86 1.61 -2.46 5.03 4.53 5.65 5.12 
Fe I  3552.11 3.07 -1.34 5.05 4.58 5.68 5.17 
Fe I  3553.74 3.57 +0.27 4.78 4.30 5.38 4.84 
Fe I  3554.50 2.88 -1.03 4.98 4.42 5.55 5.00 
Fe I  3559.50 3.07 -0.91 4.97 4.36 5.52 5.03 
Fe I  3567.03 2.88 -0.95 4.92      5.50 5.05 
Fe I  3567.37 2.45 -2.09 5.00 4.40 5.66 4.99 
Fe I  3568.43 2.88 -1.52 5.02 4.47 5.61 5.02 
Fe I  3568.82 3.25 -0.94 5.07 4.52      5.11 
Fe I  3568.97 2.69 -1.10 5.03 4.41      5.04 
Fe I  3571.23 1.48 -2.52 5.00           5.02 
Fe I  3573.39 3.30 -0.85 5.07 4.53      5.06 
Fe I  3578.38 2.89 -1.35 5.06 4.45 5.55 5.14 
Fe I  3586.74 2.81 -1.04 4.93 4.40 5.51 4.98 
Fe I  3588.92 2.88 -0.90 4.99      5.51 5.07 
Fe I  3589.45 2.73 -0.85 4.96 4.41      5.00 
Fe I  3590.08 2.95 -1.71 5.00 4.34 5.56 4.98 
Fe I  3595.30 2.88 -1.10 4.96 4.37 5.46 5.00 
Fe I  3597.02 3.27 -0.98 4.95 4.38 5.43 4.97 
Fe I  3599.63 3.57 -0.39 4.95 4.29 5.42      
Fe I  3608.14 2.85 -0.87 4.95      5.57 5.02 
Fe I  3610.69 2.88 -1.21 4.97 4.53      5.06 
Fe I  3615.19 3.28 -1.45 5.12 4.60 5.65 5.15 
Fe I  3616.32 2.42 -2.17 4.98 4.48 5.66 5.03 
Fe I  3620.24 2.85 -1.74 5.01 4.39 5.50 4.99 
Fe I  3621.72 3.57 -0.72 5.15 4.61 5.55 5.14 
Fe I  3623.45 2.56 -1.60 5.01 4.54 5.69 5.05 
Fe I  3624.31 2.42 -2.00 4.86           4.94 
Fe I  3625.14 2.83 -0.84 5.08      5.67 5.16 
Fe I  3632.56 2.95 -0.99 4.99 4.44 5.54 5.04 
Fe I  3637.25 2.43 -1.80 4.92 4.43      4.96 
Fe I  3637.87 2.94 -0.97 5.00 4.47      5.09 
Fe I  3690.45 3.11 -1.13 4.83                
Fe I  3690.73 3.57 -0.17 4.78                
Fe I  3693.03 3.02 -1.42 4.94 4.55           
Fe I  3715.91 2.28 -1.57 5.01 4.45 5.60 5.09 
Fe I  3718.41 2.76 -1.12 5.00 4.36      4.97 
Fe I  3725.49 3.05 -1.49 5.06 4.51 5.60 5.10 
Fe I  3726.93 3.04 -0.32 4.86 4.31 5.44 4.92 
Fe I  3727.09 2.94 -0.60 4.87 4.39 5.42 4.97 
Fe I  3740.24 3.25 -0.62 5.04 4.45 5.57 5.09 
Fe I  3742.62 2.94 -0.89 5.10 4.52      5.14 
Fe I  3744.10 3.04 -0.70 4.97 4.37 5.41 5.04 
Fe I  3756.07 2.18 -2.12 4.96 4.45 5.44 5.00 
Fe I  3756.94 3.57 -0.28 4.92 4.38      4.99 
Fe I  3760.05 2.40 -0.85 4.93      5.45 4.92 
Fe I  3760.53 2.22 -1.23 4.92 4.31      4.92 
Fe I  3765.54 3.24 +0.48           5.77      
Fe I  3778.51 3.25 -0.90 5.05 4.53 5.57      
Fe I  3778.70 2.20 -2.01 4.84 4.31      4.94 
Fe I  3781.19 2.20 -1.94 4.96 4.45 5.43 5.02 
Fe I  3781.94 3.64 -1.24 5.04 4.34 5.58 5.06 
Fe I  3782.45 3.00 -1.75 5.15      5.65      
Fe I  3786.68 1.01 -2.22 5.07 4.68 5.76 5.05 
Fe I  3787.16 3.64 -0.97 5.06           5.13 
Fe I  3805.34 3.30 +0.31           5.48      
Fe I  3808.28 3.02 -1.94 5.05           5.06 
Fe I  3808.73 2.56 -1.16 5.06 4.43      5.08 
Fe I  3809.04 2.86 -1.95 4.99           4.93 
Fe I  3810.76 3.30 -0.90 5.07           5.10 
Fe I  3813.63 2.69 -1.39 4.88 4.44 5.43 4.92 
Fe I  3817.64 3.33 -0.73 5.08                
Fe I  3845.17 2.42 -1.39 4.97 4.45 5.56 5.04 
Fe I  3845.70 3.55 -1.04 4.93      5.44 4.95 
Fe I  3845.98 3.37 -1.15 4.97 4.52 5.54 5.02 
Fe I  3846.41 3.57 -0.47 4.98 4.46      5.07 
Fe I  3849.97 1.01 -0.87      4.49           
Fe I  3853.46 2.95 -1.94 4.93           4.95 
Fe I  3854.37 3.21 -1.10 5.05           5.10 
Fe I  3863.74 2.69 -1.43 5.01 4.51      5.11 
Fe I  3867.22 3.02 -0.45 4.92 4.30 5.40 4.94 
Fe I  3867.92 2.59 -1.85 4.93 4.43 5.45 4.98 
Fe I  3878.02 0.96 -0.91 4.98                
Fe I  3902.95 1.56 -0.47 4.94                
Fe I  3949.95 2.18 -1.25 4.96 4.58 5.50 5.02 
Fe I  4005.24 1.56 -0.61 4.92                
Fe I  4114.44 2.83 -1.30 5.01 4.42 5.45 5.04 
Fe I  4132.06 1.61 -0.68 5.03 4.50           
Fe I  4134.68 2.83 -0.65 4.99      5.43 4.98 
Fe I  4147.67 1.48 -2.10 4.97 4.44 5.48 4.96 
Fe I  4154.50 2.83 -0.69 4.95      5.64 4.98 
Fe I  4156.80 2.83 -0.81 5.11 4.42      5.11 
Fe I  4157.78 3.42 -0.40 4.94 4.43 5.51 5.05 
Fe I  4174.91 0.91 -2.97 5.06           5.11 
Fe I  4175.64 2.85 -0.83 5.06 4.42 5.54 5.05 
Fe I  4181.75 2.83 -0.37 4.98 4.40      5.01 
Fe I  4182.38 3.02 -1.18 4.92      5.50 4.97 
Fe I  4184.89 2.83 -0.87 4.95      5.51 4.93 
Fe I  4187.04 2.45 -0.55 4.84 4.43           
Fe I  4187.80 2.43 -0.55 5.01 4.44      5.02 
Fe I  4191.43 2.47 -0.67 5.03 4.43           
Fe I  4195.33 3.33 -0.49 5.10 4.51      5.15 
Fe I  4199.10 3.05 +0.16           5.48      
Fe I  4202.03 1.48 -0.71 4.90                
Fe I  4216.18 0.00 -3.36 5.05 4.61 5.65 5.07 
Fe I  4217.55 3.43 -0.48 4.95 4.40 5.52 5.02 
Fe I  4222.21 2.45 -0.97 4.92 4.37 5.47 4.93 
Fe I  4233.60 2.48 -0.60 4.87 4.45      4.95 
Fe I  4238.81 3.40 -0.23 4.92      5.55 4.92 
Fe I  4250.12 2.47 -0.40 4.86                
Fe I  4250.79 1.56 -0.71 4.85                
Fe I  4282.40 2.18 -0.78      4.40           
Fe I  4375.93 0.00 -3.03 4.98                
Fe I  4388.41 3.60 -0.68 4.99 4.45      5.07 
Fe I  4415.12 1.61 -0.62 4.87 4.31           
Fe I  4427.31 0.05 -3.04 4.98 4.46      4.97 
Fe I  4442.34 2.20 -1.26 5.03 4.48      5.02 
Fe I  4443.19 2.86 -1.04 4.91 4.30      4.92 
Fe I  4447.72 2.22 -1.34 4.98 4.48 5.65 4.95 
Fe I  4461.65 0.09 -3.21 5.00                
Fe I  4466.55 2.83 -0.60 5.02           5.06 
Fe I  4489.74 0.12 -3.97 4.92 4.56 5.50 4.98 
Fe I  4494.56 2.20 -1.14 4.96 4.50 5.61 4.94 
Fe I  4531.15 1.48 -2.16 4.96 4.42      4.93 
Fe I  4592.65 1.56 -2.45 5.04 4.55      5.10 
Fe I  4595.36 3.30 -1.76 5.06 4.39 5.59 5.05 
Fe I  4602.94 1.48 -2.22 5.01 4.55 5.51 4.98 
Fe I  4630.12 2.28 -2.59 5.07      5.62 5.09 
Fe I  4643.46 3.65 -1.15           5.40 4.97 
Fe I  4647.43 2.95 -1.35 4.99 4.45 5.53 5.04 
Fe I  4661.97 2.99 -2.50           5.51      
Fe I  4733.59 1.48 -2.99 5.00 4.51 5.66 5.02 
Fe I  4736.77 3.21 -0.75 5.04 4.49 5.61 5.02 
Fe I  4786.81 3.02 -1.61 4.99 4.52 5.56 5.07 
Fe I  4789.65 3.55 -0.96 4.97 4.41      5.02 
Fe I  4800.65 4.14 -1.03           5.34      
Fe I  4871.32 2.87 -0.36 4.86 4.34 5.49 4.87 
Fe I  4872.14 2.88 -0.57 4.92 4.35      4.88 
Fe I  4890.76 2.88 -0.39      4.31 5.53      
Fe I  4891.49 2.85 -0.11 4.86      5.42      
Fe I  4903.31 2.88 -0.93 5.03 4.41 5.50 5.00 
Fe I  4918.99 2.87 -0.34 4.83 4.32 5.40 4.94 
Fe I  4920.50 2.83 +0.07 4.90 4.32 5.62      
Fe I  4924.77 2.28 -2.11 4.87 4.42 5.47 4.99 
Fe I  4938.81 2.88 -1.08 4.88 4.41 5.46 4.94 
Fe I  4939.69 0.86 -3.34 4.91 4.39 5.57 4.99 
Fe I  4966.09 3.33 -0.87 4.94 4.54 5.55 5.05 
Fe I  5006.12 2.83 -0.62 4.91 4.33 5.49 5.02 
Fe I  5028.13 3.57 -1.12 4.97      5.48 4.97 
Fe I  5049.82 2.28 -1.36 4.99 4.35 5.54 5.04 
Fe I  5051.63 0.91 -2.80 5.01           5.04 
Fe I  5068.77 2.94 -1.04 4.95 4.40 5.42 4.97 
Fe I  5079.74 0.99 -3.22           5.66      
Fe I  5083.34 0.96 -2.96 4.91 4.40 5.41 4.96 
Fe I  5123.72 1.01 -3.07                5.09 
Fe I  5127.36 0.91 -3.31 4.98 4.53 5.56 5.04 
Fe I  5131.47 2.22 -2.52 5.01 4.53 5.65 5.10 
Fe I  5141.74 2.42 -2.24 4.95 4.51 5.52 5.05 
Fe I  5150.84 0.99 -3.04 4.94 4.44 5.52 4.95 
Fe I  5151.91 1.01 -3.32 4.95 4.54 5.66 5.06 
Fe I  5166.28 0.00 -4.20 4.97 4.50 5.50 5.04 
Fe I  5171.60 1.48 -1.79 4.98 4.41 5.40 5.07 
Fe I  5191.45 3.04 -0.55 4.94 4.35 5.62 4.94 
Fe I  5192.34 3.00 -0.42 4.89 4.34 5.59 4.98 
Fe I  5194.94 1.56 -2.09 5.00 4.46 5.45 4.97 
Fe I  5198.71 2.22 -2.14 4.89 4.44 5.52 5.04 
Fe I  5216.27 1.61 -2.15 4.94 4.45 5.48 5.00 
Fe I  5217.39 3.21 -1.16 5.03 4.50 5.57 5.10 
Fe I  5225.53 0.11 -4.79 4.98 4.52 5.54 5.08 
Fe I  5232.94 2.94 -0.06 4.84 4.31 5.43 4.96 
Fe I  5242.49 3.63 -0.97 5.03 4.44 5.51 5.03 
Fe I  5266.56 3.00 -0.38 4.91 4.33 5.51 4.94 
Fe I  5281.79 3.04 -0.83 4.95 4.35 5.50 4.97 
Fe I  5283.62 3.24 -0.52      4.45 5.63 5.08 
Fe I  5288.52 3.69 -1.51 5.02      5.41 4.89 
Fe I  5307.36 1.61 -2.99 4.92 4.41 5.50 4.99 
Fe I  5322.04 2.28 -2.80 4.87 4.36 5.44 4.89 
Fe I  5332.90 1.56 -2.78 4.86 4.42 5.52 4.93 
Fe I  5339.93 3.27 -0.72 5.00 4.49 5.62 5.08 
Fe I  5364.87 4.45 +0.23 5.08 4.56 5.47 5.09 
Fe I  5365.40 3.57 -1.02 4.84      5.35 4.94 
Fe I  5367.47 4.42 +0.44 4.92 4.42 5.46 4.93 
Fe I  5369.96 4.37 +0.54 4.88 4.36 5.40 4.90 
Fe I  5371.49 0.96 -1.64 5.04      5.40 5.02 
Fe I  5379.57 3.69 -1.51           5.48 5.04 
Fe I  5383.37 4.31 +0.64 4.83 4.34           
Fe I  5397.13 0.91 -1.99 5.07      5.41 5.03 
Fe I  5405.77 0.99 -1.84 5.03      5.39 5.05 
Fe I  5410.91 4.47 +0.40 4.87 4.42 5.40 4.98 
Fe I  5415.20 4.39 +0.64 4.81 4.44 5.37 4.92 
Fe I  5429.70 0.96 -1.88      4.47 5.64      
Fe I  5434.52 1.01 -2.12 5.04 4.43 5.40 5.07 
Fe I  5497.52 1.01 -2.85 5.02 4.55 5.60 5.06 
Fe I  5501.47 0.96 -3.05 5.03 4.56 5.58 5.13 
Fe I  5506.78 0.99 -2.80 5.05 4.54 5.56 5.12 
Fe I  5586.76 3.37 -0.14 4.95 4.35 5.44 4.97 
Fe I  5662.52 4.18 -0.57 5.02 4.54 5.63      
Fe I  5701.54 2.56 -2.22 5.10                
Fe I  5753.12 4.26 -0.69      4.43 5.59      
Fe I  5816.37 4.55 -0.60           5.45 4.91 
Fe I  6065.48 2.61 -1.53 4.89 4.37 5.48 4.96 
Fe I  6136.61 2.45 -1.40 5.02 4.48 5.56 5.08 
Fe I  6137.69 2.59 -1.40 4.97 4.44 5.57 5.03 
Fe I  6151.62 2.18 -3.30           5.62      
Fe I  6191.56 2.43 -1.42 5.03      5.47 5.02 
Fe I  6213.43 2.22 -2.48 5.01 4.44 5.49 5.01 
Fe I  6219.28 2.20 -2.43 5.00 4.55 5.64 5.11 
Fe I  6230.72 2.56 -1.28 5.04 4.53 5.64 5.13 
Fe I  6240.65 2.22 -3.17      4.33 5.49      
Fe I  6246.32 3.60 -0.88 5.03 4.49 5.57 5.15 
Fe I  6265.13 2.18 -2.55 5.04      5.58 5.12 
Fe I  6297.79 2.22 -2.74      4.44 5.44      
Fe I  6322.69 2.59 -2.43           5.60      
Fe I  6344.15 2.43 -2.92 4.88 4.49 5.55      
Fe I  6355.03 2.85 -2.29      4.47 5.53 5.08 
Fe I  6393.60 2.43 -1.58 5.09 4.52 5.59 5.13 
Fe I  6421.35 2.28 -2.03 5.04 4.51 5.61 5.10 
Fe I  6430.85 2.18 -2.01 5.02 4.51 5.56 5.07 
Fe I  6494.98 2.40 -1.27 5.04 4.44 5.54 5.09 
Fe I  6592.91 2.73 -1.47 4.92 4.42 5.51 5.07 
Fe I  6593.87 2.43 -2.42 5.01      5.56      
Fe I  6609.11 2.56 -2.69 4.86 4.38 5.49 4.96 
Fe I  6677.99 2.69 -1.42 5.05 4.51 5.65 5.11 
Fe I  6750.15 2.42 -2.62 5.06 4.48 5.56 5.08 
Fe II 2351.20 2.66 -0.22 5.39      5.47 5.05 
Fe II 2351.67 5.25 -0.05 5.04                
Fe II 2352.31 5.26 +0.16 5.33                
Fe II 2372.36 2.58 -2.35 5.03           4.98 
Fe II 2418.17 2.58 -1.85 4.94                
Fe II 2422.69 3.89 +0.01 5.25           5.05 
Fe II 2434.73 4.08 +0.48 5.18           5.14 
Fe II 2461.28 3.23 +0.23 5.32           5.26 
Fe II 2463.28 3.15 -0.19 5.09           5.03 
Fe II 2465.91 3.22 -0.05 5.12           5.06 
Fe II 2481.05 3.24 -0.79 4.87                
Fe II 2482.12 2.63 -0.08 5.13           5.19 
Fe II 2503.33 3.15 -0.08 5.00           5.03 
Fe II 2503.87 3.77 +0.32 4.92      5.59      
Fe II 2511.76 2.69 +0.34 4.97           4.96 
Fe II 2542.74 3.34 -0.50 4.99           4.92 
Fe II 2572.97 2.89 -1.20 4.97                
Fe II 2620.17 2.84 -1.15 5.11           5.03 
Fe II 2637.64 3.34 -0.56 4.98      5.56 4.78 
Fe II 2639.56 3.34 -0.78 4.94      5.54 4.77 
Fe II 2657.92 3.77 -1.46 5.16           5.11 
Fe II 2658.25 3.97 -0.75 5.08           5.01 
Fe II 2686.11 3.23 -2.21 5.15      5.57 5.20 
Fe II 2716.70 0.99 -3.04 5.26           5.00 
Fe II 2730.73 1.08 -0.90 5.07           5.15 
Fe II 2751.12 3.20 -0.88 5.17           5.02 
Fe II 2753.29 3.27 +0.41 4.99           4.90 
Fe II 2771.19 3.77 -1.22 5.17           5.14 
Fe II 2771.56 3.23 -2.06 5.38                
Fe II 2827.43 3.24 -1.40 5.24           5.09 
Fe II 2831.56 3.20 -0.26      4.82 5.64      
Fe II 2839.80 5.29 -0.15 5.23      5.61 5.26 
Fe II 2887.31 3.42 -2.03 5.38                
Fe II 2895.22 3.90 -0.86 5.08           5.03 
Fe II 2897.27 3.42 -1.05 5.03      5.51 4.89 
Fe II 2979.35 1.10 -2.07 5.19      5.60 4.87 
Fe II 2985.54 1.72 -0.89 5.09           5.03 
Fe II 3000.06 3.81 -1.61 5.12           5.14 
Fe II 3259.05 3.90 -0.97      4.85 5.63 5.14 
Fe II 3285.41 1.08 -3.84 5.19      5.59      
Fe II 3297.88 3.94 -2.17      5.12           
Fe II 3416.02 2.28 -3.03 5.37 5.04      5.27 
Fe II 3425.58 1.67 -3.52 5.08      5.50 4.96 
Fe II 3468.68 4.15 -1.53 5.33 4.94 5.73      
Fe II 3487.99 1.70 -3.74 5.22 4.97 5.64 5.13 
Fe II 3493.47 4.15 -1.23 5.27      5.71 5.26 
Fe II 3494.67 2.28 -3.11 5.35 5.02           
Fe II 3503.47 1.72 -4.01 5.25 4.93 5.69 5.21 
Fe II 3507.40 2.34 -3.52      5.10      5.30 
Fe II 3508.20 1.72 -4.06 5.26      5.75 5.22 
Fe II 4178.86 2.58 -2.44 5.01 4.79 5.40 5.00 
Fe II 4233.17 2.58 -1.81 4.97 4.89      4.92 
Fe II 4491.40 2.86 -2.64 5.00 4.82 5.48 4.92 
Fe II 4515.34 2.84 -2.36 4.95 4.70 5.47 4.81 
Fe II 4555.89 2.83 -2.25 4.98           4.86 
Fe II 4576.34 2.84 -2.92 5.09 4.80 5.52 4.96 
Fe II 4583.83 2.81 -1.74      4.81 5.55 4.82 
Fe II 4620.52 2.83 -3.19      4.75 5.44 4.91 
Fe II 5197.58 3.23 -2.05 5.02 4.74      4.87 
Fe II 5234.62 3.22 -2.21 5.18 4.96 5.64 5.12 
Fe II 5276.00 3.20 -1.90 5.08 4.78 5.63 4.97 
Fe II 5414.07 3.22 -3.48      4.92 5.38      
