BD+19 1185             -0.23 -0.23                   -0.23 0.
BD+52 1601       -0.6  -0.55 -0.5        -0.4        -0.51 0.09
BD-01 0306       -0.35 -0.25 -0.2                    -0.27 0.08
BD-01 2582 -1.05 -1.07 -1.03 -0.98                   -1.03 0.04
G 005-001        -0.34 -0.41 -0.39                   -0.38 0.04
G 009-036        -0.09 -0.22 -0.17                   -0.16 0.07
G 023-014        -0.64 -0.68 -0.59       -0.41       -0.58 0.12
G 028-043              -0.58 -0.48                   -0.53 0.07
G 029-025              -0.25 -0.2                    -0.23 0.04
G 058-025        -0.65 -0.75 -0.58                   -0.66 0.09
G 059-001              -0.35 -0.22                   -0.29 0.09
G 063-046        -0.02 -0.09 -0.04                   -0.05 0.04
G 068-003               0.15  0.16        0.18        0.16 0.02
G 074-005        -0.26 -0.26 -0.19                   -0.23 0.06
G 090-025                    -0.97                   -0.97
G 095-57A        -0.34       -0.16       -0.19       -0.23 0.1
G 102-020              -0.36 -0.28                   -0.32 0.06
G 102-027         0.37  0.31  0.41        0.49        0.4  0.08
G 113-022              -0.12 -0.13                   -0.13 0.01
G 122-051              -0.25 -0.28                   -0.27 0.02
G 123-009              -0.18 -0.23                   -0.21 0.04
G 126-036         0.03  0.03  0.05                    0.04 0.01
G 140-046              -0.44 -0.38                   -0.41 0.04
G 153-021         0.33  0.33  0.33        0.36        0.34 0.01
G 176-053        -0.31 -0.36 -0.29                   -0.32 0.04
G 179-022        -0.26 -0.28 -0.22       -0.11       -0.22 0.08
G 180-024        -0.61 -0.51 -0.61                   -0.58 0.06
G 188-022  -0.72 -0.52 -0.52 -0.62                   -0.6  0.1
G 191-055                    -0.89                   -0.89
G 192-043  -0.27       -0.24 -0.24                   -0.25 0.02
G 221-007        -0.11 -0.14 -0.07                   -0.11 0.04
HD002665         -1.16 -1.15 -1.13                   -1.15 0.02
HD003008         -1.35 -0.92 -1.         -1.08       -1.09 0.19
HD006755         -0.53 -0.54 -0.52       -0.42       -0.5  0.06
HD006833                            0.13  0.14  0.04  0.1  0.06
HD008724         -0.9  -0.86 -0.86 -0.88 -0.81       -0.86 0.03
HD021581         -0.86 -0.79 -0.79       -0.81       -0.81 0.03
HD023798               -1.41 -1.36       -1.31       -1.36 0.05
HD025329
HD025532   -0.71 -0.64 -0.65 -0.59       -0.62       -0.64 0.05
HD026297         -1.29 -1.19 -1.21       -1.19       -1.22 0.05
HD029574               -0.64 -0.67       -0.59       -0.63 0.04
HD037828               -0.54 -0.59       -0.51 -0.49 -0.53 0.04
HD044007   -1.08 -0.96 -0.94 -0.9        -0.81       -0.94 0.1
HD063791         -0.99 -0.93 -0.9        -0.85       -0.92 0.06
HD074462         -0.5  -0.4  -0.4  -0.3  -0.35       -0.39 0.07
HD082590   -0.54 -0.41 -0.44 -0.44                   -0.46 0.06
HD085773         -1.86 -1.83 -1.83                   -1.84 0.02
HD101063         -0.05 -0.05  0.05        0.1  -0.03  0.   0.07
HD103036         -0.95 -1.15 -1.15       -1.1        -1.09 0.09
HD103545         -1.64 -1.55 -1.54       -1.5        -1.56 0.06
HD105546         -0.53 -0.6  -0.54                   -0.56 0.04
HD105755               -0.03  0.01        0.08        0.02 0.06
HD106516         -0.11 -0.04  0.04                   -0.04 0.08
HD107752               -1.9  -2.07                   -1.99 0.12
HD108317   -1.32 -1.22 -1.24 -1.22                   -1.25 0.05
HD110184   -1.83 -1.61 -1.68 -1.65       -1.78       -1.71 0.09
HD115444   -1.65 -1.57 -1.62 -1.61                   -1.61 0.03
HD119516   -0.96 -0.86       -0.89                   -0.9  0.05
HD121135         -0.77 -0.7  -0.7        -0.62       -0.7  0.06
HD122563               -2.56 -2.61                   -2.59 0.04
HD122956         -0.86 -0.83 -0.8        -0.68       -0.79 0.08
HD124358         -0.96 -0.96 -0.96       -0.87       -0.94 0.04
HD128279   -1.63       -1.51 -1.56                   -1.57 0.06
HD132475   -0.93       -0.98 -0.85                   -0.92 0.07
HD135148         -0.95 -0.92 -0.87       -1.05       -0.95 0.08
HD141531               -0.65 -0.74       -0.77 -0.72 -0.72 0.05
HD165195   -1.37 -1.27 -1.35 -1.33       -1.4        -1.34 0.05
HD166161         -0.52 -0.52 -0.47       -0.42       -0.48 0.05
HD171496                0.1   0.04  0.14  0.14        0.11 0.05
HD184266   -0.47 -0.5  -0.4  -0.35                   -0.43 0.07
HD186478   -1.55 -1.53 -1.45 -1.45                   -1.5  0.05
HD187111         -0.93 -0.88 -0.9  -0.88 -0.8        -0.88 0.05
HD188510         -0.41 -0.54 -0.61                   -0.52 0.1
HD193901         -0.05 -0.15 -0.1                    -0.1  0.05
HD194598         -0.33 -0.27 -0.25                   -0.28 0.04
HD201891         -0.29 -0.19 -0.19                   -0.22 0.06
HD204543         -1.01 -0.98 -0.96                   -0.98 0.03
HD206739         -0.72 -0.64 -0.58       -0.55       -0.62 0.07
HD210295               -0.38 -0.45 -0.28 -0.25       -0.34 0.09
HD214362         -0.89 -0.79 -0.77                   -0.82 0.06
HD218857   -1.44 -1.29 -1.44 -1.49                   -1.42 0.09
HD221170         -0.88 -0.89 -0.86 -0.66 -0.89 -0.91 -0.85 0.09
HD232078                     -0.86 -0.56 -0.66 -0.81 -0.72 0.14
HD233666   -1.06 -0.98 -1.08 -0.98                   -1.03 0.05
