Table 3 
Magnitudes and Atmospheric Parameters


Star	V	T_eff	log g	v_t	[M/H]^a	
(K)	(km s^-1)	
BD+44 493	9.11	5040 (36)	2.10 (0.14)	1.35 (0.06)	-4.26 (0.03)	
CS 22877-001	12.16	4790 (34)	1.45 (0.14)	1.55 (0.06)	-3.24 (0.06)	
CS 22878-101	13.73	4650 (35)	1.05 (0.14)	1.90 (0.06)	-3.30 (0.06)	
CS 22891-200	13.93	4490 (33)	0.50 (0.12)	1.70 (0.06)	-3.88 (0.08)	
CS 22893-010	14.74	5150 (44)	2.45 (0.20)	1.35 (0.06)	-2.93 (0.07)	
CS 22943-201	15.98	5970 (52)	2.45 (0.39)	1.60 (0.06)	-2.69 (0.06)	
CS 22948-066	13.47	4830 (34)	1.55 (0.15)	2.00 (0.06)	-3.18 (0.07)	
CS 22949-037	14.36	4630 (34)	0.95 (0.13)	1.70 (0.06)	-4.21 (0.05)	
CS 22957-027	13.60	5220 (39)	2.65 (0.23)	1.45 (0.06)	-3.00 (0.07)	
CS 22958-042	14.52	5760 (57)	3.55 (0.18)	0.95 (0.08)	-2.99 (0.15)	
CS 22960-064	13.94	5060 (36)	2.20 (0.14)	1.40 (0.06)	-2.77 (0.07)	
CS 29498-043	13.72	4440 (20)	0.50 (0.13)	1.75 (0.06)	-3.85 (0.08)	
CS 29502-092	11.87	4820 (34)	1.50 (0.14)	1.50 (0.06)	-3.20 (0.07)	
CS 30314-067	11.85	4320 (12)	0.50 (0.10)	1.85 (0.06)	-3.01 (0.06)	
CS 30492-001	14.20	5790 (50)	3.65 (0.15)	0.85 (0.07)	-2.35 (0.07)	
HE 1012-1540	14.04	5230 (32)	2.65 (0.20)	1.70 (0.06)	-3.76 (0.14)	
Note.
a [M/H] is adopted to equal [Fe/H] as derived from Fe II lines.
