BD+19 1185  0.    0.13  0.08  0.08  0.03                                0.06 0.05
BD+52 1601 -0.19 -0.14 -0.24 -0.19 -0.14 -0.12 -0.09 -0.09 -0.04 -0.06 -0.13 0.06
BD-01 0306  0.13  0.11  0.09  0.16  0.16  0.06                          0.12 0.04
BD-01 2582 -0.09 -0.12 -0.04 -0.19        0.04  0.01                   -0.05 0.08
G 005-001  -0.13 -0.15 -0.01 -0.03 -0.13                               -0.09 0.06
G 009-036         0.29  0.39  0.12  0.22                                0.26 0.11
G 023-014  -0.36 -0.32 -0.37 -0.3  -0.33 -0.35 -0.25                   -0.33 0.04
G 028-043        -0.17 -0.27       -0.22                               -0.22 0.05
G 029-025         0.18  0.21  0.26  0.11                                0.19 0.06
G 058-025   0.01 -0.04 -0.04  0.03                                     -0.03 0.03
G 059-001         0.09  0.11  0.21  0.06  0.16                          0.13 0.06
G 063-046   0.22  0.27  0.22  0.32  0.32                                0.27 0.05
G 068-003   0.44  0.43  0.61  0.61  0.36  0.51                    0.46  0.49 0.09
G 074-005   0.1   0.07  0.1   0.12  0.17                                0.11 0.04
G 090-025  -0.56 -0.46       -0.51                                     -0.51 0.05
G 095-57A   0.37  0.38  0.39  0.39  0.37  0.47        0.62              0.43 0.09
G 102-020  -0.02  0.08  0.03  0.03 -0.22                               -0.02 0.12
G 102-027   0.7   0.67  0.77  0.65  0.62  0.7   0.7                     0.69 0.05
G 113-022   0.41  0.34  0.47  0.36  0.44  0.48  0.46                    0.42 0.05
G 122-051  -0.17 -0.07 -0.07 -0.07 -0.1                                -0.1  0.04
G 123-009   0.23  0.18  0.28  0.16  0.18                                0.21 0.05
G 126-036   0.86  0.91  0.81  0.81  0.84  0.96  0.94              0.81  0.87 0.06
G 140-046   0.53  0.47  0.45  0.50  0.7   0.55  0.4   0.7               0.54 0.11
G 153-021   0.61  0.57  0.56  0.64  0.54  0.64                          0.59 0.04
G 176-053  -0.02 -0.1  -0.08 -0.1                                      -0.08 0.04
G 179-022   0.    0.02 -0.03 -0.05 -0.02  0.1   0.1                     0.02 0.06
G 180-024   0.   -0.3  -0.25 -0.2  -0.2                                -0.19 0.11
G 188-022              -0.18 -0.08 -0.11                               -0.12 0.05
G 191-055  -0.28       -0.48 -0.48                                     -0.41 0.12
G 192-043   0.07 -0.03  0.02 -0.13                                     -0.02 0.09
G 221-007   0.24  0.27  0.42  0.14  0.22  0.24  0.32              0.37  0.28 0.09
HD002665   -0.99 -0.94 -1.02 -0.89 -0.84 -0.89 -0.84                   -0.92 0.07
HD003008   -0.84 -0.64 -0.74 -0.89       -0.77 -0.79 -0.84       -0.84 -0.79 0.08
HD006755   -0.28 -0.34 -0.38 -0.46 -0.26 -0.14 -0.16                   -0.29 0.12
HD006833    0.11  0.23  0.48  0.28  0.23  0.38  0.45  0.41        0.45  0.34 0.13
HD008724   -0.5  -0.47 -0.45 -0.47 -0.47 -0.51 -0.55 -0.5        -0.5  -0.49 0.03
HD021581   -0.48 -0.43 -0.37 -0.38 -0.51 -0.28 -0.38 -0.43 -0.41 -0.53 -0.42 0.07
HD023798   -1.   -1.   -1.15 -1.15 -1.1  -1.   -1.   -0.77       -0.95 -1.01 0.12
HD025329         -0.09 -0.01 -0.04                                     -0.05 0.04
HD025532   -0.11 -0.16 -0.06 -0.16 -0.13 -0.11 -0.08 -0.11       -0.21 -0.13 0.05
HD026297   -0.93 -0.81 -0.93 -0.88 -0.88 -0.83 -0.83 -0.83 -0.76 -0.81 -0.85 0.05
HD029574   -0.51 -0.31 -0.26 -0.46 -0.34 -0.36 -0.39 -0.38       -0.31 -0.37 0.08
HD037828   -0.13 -0.06 -0.18 -0.16 -0.18 -0.13       -0.06       -0.02 -0.12 0.06
HD044007   -0.51 -0.53 -0.57 -0.55 -0.53 -0.51 -0.5  -0.45       -0.4  -0.51 0.05
HD063791   -0.54 -0.58 -0.69 -0.62 -0.56 -0.47       -0.39             -0.55 0.1
HD074462   -0.26 -0.16 -0.24 -0.24 -0.19 -0.1  -0.12 -0.09       -0.09 -0.17 0.07
HD082590   -0.1  -0.1  -0.1  -0.15 -0.12                               -0.11 0.02
HD085773   -1.47 -1.59 -1.65 -1.52 -1.67 -1.43                         -1.56 0.1
HD101063    0.26  0.26  0.11  0.11  0.23  0.28                          0.21 0.08
HD103036   -0.59 -0.49 -0.54 -0.57 -0.72 -0.61       -0.71       -0.74 -0.62 0.09
HD103545   -1.2  -1.16 -1.2  -1.2  -1.16                               -1.18 0.02
HD105546   -0.17 -0.17 -0.11 -0.29 -0.16 -0.1  -0.14 -0.01  0.01       -0.13 0.09
HD105755    0.32  0.32  0.34  0.39  0.29                                0.33 0.04
HD106516    0.32  0.27  0.42  0.32  0.22                                0.31 0.07
HD107752               -1.54 -1.64                                     -1.59 0.07
HD108317   -1.01 -1.01 -1.06 -1.01                                     -1.02 0.03
HD110184   -1.49 -1.42 -1.49 -1.47 -1.47       -1.47                   -1.47 0.03
HD115444   -1.31 -1.31 -1.29 -1.46 -1.36                               -1.35 0.07
HD119516   -0.55 -0.55 -0.62 -0.65 -0.6                                -0.59 0.04
HD121135   -0.39 -0.41 -0.31 -0.36 -0.36 -0.31       -0.31       -0.21 -0.33 0.06
HD122563         -2.25 -2.45 -2.35                                     -2.35 0.1
HD122956   -0.52 -0.49 -0.49 -0.62 -0.52 -0.39 -0.42 -0.4              -0.48 0.08
HD124358   -0.65 -0.7  -0.8  -0.72 -0.75 -0.6  -0.65 -0.57             -0.68 0.08
HD128279         -1.35 -1.05 -1.05 -1.25                               -1.18 0.15
HD132475   -0.37 -0.37 -0.35 -0.4  -0.4                                -0.38 0.02
HD135148   -0.66 -0.66 -0.91 -0.91 -0.68 -0.76       -0.81       -0.71 -0.76 0.1
HD141531         -0.42 -0.53 -0.51 -0.44       -0.46 -0.42 -0.41 -0.41 -0.45 0.05
HD165195   -1.18 -1.14 -1.24 -1.22 -1.14 -1.09 -1.19 -1.14       -1.14 -1.16 0.05
HD166161    0.23  0.24  0.14  0.14  0.19        0.32  0.24  0.29  0.29  0.23 0.06
HD171496    0.4   0.5   0.6   0.33  0.52  0.54  0.6   0.6         0.53  0.51 0.09
HD184266   -0.14 -0.14 -0.04 -0.14 -0.09                               -0.11 0.04
HD186478   -1.29 -1.24 -1.26 -1.46 -1.29       -1.19                   -1.29 0.09
HD187111   -0.57 -0.52 -0.72 -0.56 -0.62 -0.5  -0.57 -0.47 -0.57 -0.57 -0.57 0.07
HD188510         -0.1  -0.2  -0.13                                     -0.14 0.05
HD193901    0.16  0.06  0.26  0.24  0.21                                0.19 0.08
HD194598    0.04  0.06  0.11  0.11  0.08                                0.08 0.03
HD201891    0.02  0.09  0.17  0.22  0.09                                0.12 0.08
HD204543   -0.51 -0.55 -0.6  -0.63 -0.6  -0.5  -0.51 -0.46 -0.62 -0.45 -0.54 0.07
HD206739   -0.41 -0.3  -0.46 -0.41 -0.36 -0.26 -0.23 -0.23       -0.26 -0.32 0.09
HD210295   -0.17 -0.15 -0.2  -0.2  -0.04  0.03        0.05             -0.1  0.11
HD214362   -0.43 -0.48 -0.53 -0.53 -0.45                               -0.48 0.05
HD218857   -1.13 -1.18 -1.06 -1.18 -1.23                               -1.16 0.06
HD221170   -0.74 -0.7  -0.7  -0.8  -0.7  -0.64 -0.72 -0.72       -0.73 -0.72 0.04
HD232078                     -0.32 -0.45 -0.4        -0.38       -0.33 -0.38 0.05
HD233666   -0.74 -0.7  -0.67 -0.67 -0.68 -0.62                         -0.68 0.04
