Title: Detection of Neutral Phosphorus in the Near 
       Ultra-violet Spectra of Late-Type Stars
Authors: Roederer I.U., Jacobson H.R., Thanathibodee T., Frebel A., Toller E. 
Table: Line List and Equivalent Widths
================================================================================
Byte-by-byte Description of file: apj504576t3_mrt.txt
--------------------------------------------------------------------------------
   Bytes Format Units  Label     Explanations
--------------------------------------------------------------------------------
   1-  5 A5     ---    Species   Species identifier
   7- 13 F7.2   0.1nm  Wave      Wavelength; Angstroms
  15- 18 F4.2   eV     ExPot     Excitation potential
  20- 24 F5.2   [-]    log(gf)   Log of degeneracy times oscillator strength
  26- 29 F4.1   10-13m G64-12    ? Equivalent width in G64-12 (1)
  31- 35 F5.1   10-13m HD2454    ? Equivalent width in HD 2454 (1)
  37- 41 F5.1   10-13m HD16220   ? Equivalent width in HD 16220 (1)
  43- 47 F5.1   10-13m HD43318   ? Equivalent width in HD43318 (1)
  49- 53 F5.1   10-13m HD76932   ? Equivalent width in HD 76932 (1)
  55- 59 F5.1   10-13m HD94028   ? Equivalent width in HD 94028 (1)
  61- 65 F5.1   10-13m HD107113  ? Equivalent width in HD 107113 (1)
  67- 71 F5.1   10-13m HD108317  ? Equivalent width in HD 108317 (1)
  73- 77 F5.1   10-13m HD128279  ? Equivalent width in HD 128279 (1)
  79- 83 F5.1   10-13m HD140283  ? Equivalent width in HD 140283 (1)
  85- 89 F5.1   10-13m HD155646  ? Equivalent width in HD 155646 (1)
  91- 95 F5.1   10-13m HD160617  ? Equivalent width in HD 160617 (1)
  97-101 F5.1   10-13m HD211998  ? Equivalent width in HD 211998 (1)
--------------------------------------------------------------------------------
Note (1): In units of milli-Angstroms.
--------------------------------------------------------------------------------
Na I  5682.63 2.10 -0.71       57.8  70.6  75.6  35.9  12.9  50.9         5.0        80.0   6.7  12.6 
Na I  5688.20 2.10 -0.45       85.0  92.5  97.5  53.8  19.9  73.8         9.5       102.2  13.8  22.7 
Na I  5889.95 0.00 +0.11 35.8 303.7                               195.1 159.2 113.0       188.8       
Na I  5895.92 0.00 -0.19 19.9 257.6                   177.3       145.8 137.6  90.3       164.8       
Mg I  3829.36 2.71 -0.21 79.1                                                                         
Mg I  3986.75 4.35 -1.03                               66.0        43.2  40.7  15.1                   
Mg I  4057.50 4.35 -0.89                               95.3        48.2  53.1  20.8                   
Mg I  4167.27 4.35 -0.71                               98.8        61.2  64.6  30.5                   
Mg I  4571.10 0.00 -5.69       56.5  76.8  77.4        40.0  53.4  44.3  46.4                         
Mg I  4702.99 4.33 -0.38                              118.5        74.5  77.6  41.6                   
Mg I  5172.68 2.71 -0.45 78.3                                                 144.7       185.3       
Mg I  5183.60 2.72 -0.24 93.2                                                             214.2       
Mg I  5528.40 4.34 -0.50      157.7       169.7 145.1 112.6        76.4  81.4  41.6        74.5 128.0 
Mg I  5711.09 4.34 -1.72       62.2        76.1  61.7  28.6        13.7  15.5        80.7  12.4  46.6 
Al I  3961.52 0.01 -0.34 30.3                         136.2        96.5 108.6  76.5                   
Al I  6696.02 3.14 -1.34       14.5        17.8                                      21.4             
Al I  6698.67 3.14 -1.64                    9.9                                      10.6             
Si I  3905.52 1.91 -1.09 57.7                                                 136.2                   
Si I  5665.55 4.90 -1.73       14.6        26.4  12.3        13.7         2.8                     7.5 
Si I  5701.10 4.93 -1.74       13.9  26.0  25.7  12.5   4.3                                       7.7 
Si I  5708.40 4.93 -1.47       46.9        57.9  36.0  13.2         7.5   5.6        69.1   6.6  22.3 
Si I  5772.14 5.06 -1.74       28.5  37.1                    22.0         4.1        43.6             
Ca I  4226.73 0.00 +0.24 88.1                                                 146.5                   
Ca I  4283.01 1.89 -0.22  5.6             122.3        68.5        63.8  62.3  35.3                   
Ca I  4318.65 1.89 -0.21  5.9 106.2       117.1        71.7        57.7  60.0  28.2                   
Ca I  4425.44 1.88 -0.36      109.3       116.1        67.0        51.7  56.1  24.2                   
Ca I  4434.96 1.89 -0.01 10.5                          88.9 119.5  70.5  72.3  39.6                   
Ca I  4435.69 1.89 -0.52      105.2 118.1 117.2        60.9  92.5  51.4  47.8  16.8                   
Ca I  4454.78 1.90 +0.26 14.7                         102.4        81.7  79.6  48.9                   
Ca I  4455.89 1.90 -0.53      106.1 121.7 123.6        58.3  93.4  45.7  42.8  17.3                   
Ca I  5262.24 2.52 -0.47                               40.6  83.1  29.2  29.4   8.8        26.9       
Ca I  5265.56 2.52 -0.26                         79.5  52.2        34.4  39.3  12.9        34.9       
Ca I  5349.46 2.71 -0.31       80.1  88.4  81.2  59.5  32.4  61.6  17.3  19.9              19.2  50.9 
Ca I  5581.97 2.52 -0.56       66.6  77.0  78.9  58.4  28.8  56.4  15.0  18.3              17.8  51.1 
Ca I  5588.76 2.52 +0.21      114.7 135.1 127.0 102.5  75.8 104.1  55.9  58.7  26.6        57.5  93.3 
Ca I  5590.12 2.52 -0.57       61.7  77.8  77.9  56.3  32.7  56.5  15.4  19.3              17.0  49.5 
Ca I  5594.47 2.52 +0.10            123.1 116.0  94.1  71.9  96.9  45.3  45.8  18.5        45.5  82.6 
Ca I  5598.49 2.52 -0.09                         81.1  49.6  90.3  36.8  41.9  12.8        37.6  76.0 
Ca I  5601.28 2.53 -0.52       74.3  89.6  90.4  62.5  30.8  61.9  16.3  19.9              18.4  52.3 
Ca I  5857.45 2.93 +0.23       96.8 106.3 110.8  77.0  52.9  84.7  29.6  33.7  12.2        35.4  72.8 
Ca I  6102.72 1.88 -0.79       90.9       106.5  86.1  53.4        38.6  41.4  14.9 114.5  35.8  81.7 
Ca I  6122.22 1.89 -0.32  5.0 123.1 135.3 137.1 114.0  86.5 114.2  64.2  69.2  28.7 149.4  61.9 112.0 
Ca I  6162.17 1.90 -0.09  8.5 137.2 155.6 156.9 127.7  99.5 130.0  75.7  81.8  39.8 167.3  73.1 126.1 
Ca I  6169.06 2.52 -0.80       52.5  68.2  71.3  50.1  25.5  47.5  11.4  12.8        71.2  12.4  46.1 
Ca I  6169.56 2.53 -0.48       70.5  86.6  88.5  68.1  36.6  66.2  18.5  21.0   7.3  90.4  21.3  60.5 
Ca I  6439.07 2.52 +0.47  8.0 127.6       139.6 115.4  81.9 112.2  63.2  64.4  30.7 151.9  62.6 102.4 
Ca I  6449.81 2.52 -0.50       72.9        89.6  66.3  37.0  64.7  21.1  20.6   9.1  99.8  22.8  59.3 
Ca I  6499.65 2.52 -0.82       49.3  63.4  70.5  49.1  22.2  45.1  11.4  11.6        70.6  13.1  42.0 
Ca I  6717.68 2.71 -0.52       71.2  91.7  91.5  59.5  27.3  61.6  13.9  18.1              15.3  49.2 
Fe I  3440.61 0.00 -0.67 65.4                                                                         
Fe I  3440.99 0.05 -0.96 60.3                                                                         
Fe I  3476.70 0.12 -1.51 37.7                                                                         
Fe I  3490.57 0.05 -1.10 54.6                                                                         
Fe I  3497.84 0.11 -1.55 35.1                                                                         
Fe I  3565.38 0.96 -0.13 56.7                                                                         
Fe I  3608.86 1.01 -0.09 66.7                                                                         
Fe I  3618.77 0.99 -0.00 68.3                                                                         
Fe I  3647.84 0.92 -0.14 66.7                                                                         
Fe I  3689.46 2.94 -0.17                               80.8              58.7                         
Fe I  3727.62 0.96 -0.61 46.5                                                                         
Fe I  3743.36 0.99 -0.79 40.9                                                                         
Fe I  3753.61 2.18 -0.89                               65.9              60.1                         
Fe I  3758.23 0.96 +0.00 70.4                                                                         
Fe I  3763.79 0.99 -0.22 60.2                                                                         
Fe I  3767.19 1.01 -0.39 49.3                                                                         
Fe I  3786.68 1.01 -2.18                               66.7              68.8              54.9       
Fe I  3787.88 1.01 -0.84 32.1                                           116.2             103.8       
Fe I  3805.34 3.30 +0.31 11.1                          68.3              59.1  40.2                   
Fe I  3815.84 1.48 +0.24 62.2                                                                         
Fe I  3820.42 0.86 +0.16 84.2                                                                         
Fe I  3824.44 0.00 -1.36 57.3                                                                         
Fe I  3825.88 0.91 -0.02 77.4                                                                         
Fe I  3827.82 1.56 +0.09 55.3                                                                         
Fe I  3839.26 3.05 -0.33                                                 49.8  23.3                   
Fe I  3841.05 1.61 -0.04 41.6                                                                         
Fe I  3845.17 2.42 -1.39                               41.9        40.1  37.3  14.6        31.0       
Fe I  3846.80 3.25 -0.02                                           50.0  55.1  36.0        53.1       
Fe I  3849.97 1.01 -0.86 41.4                         123.1       117.8        90.8       103.8       
Fe I  3850.82 0.99 -1.74  9.2                          72.4        93.5  89.0  61.7        73.4       
Fe I  3852.57 2.18 -1.18                  115.3        55.2        57.5  56.9  28.5        49.6       
Fe I  3856.37 0.05 -1.28 54.6                                                 105.6                   
Fe I  3859.91 0.00 -0.71 85.6                                                                         
Fe I  3863.74 2.69 -1.43                               39.3        25.8  29.0  10.7        23.7       
Fe I  3865.52 1.01 -0.95 35.1                         120.0       113.3 118.3  86.9       102.9       
Fe I  3867.22 3.02 -0.45       96.4       101.3        50.4        39.5  46.2  25.1        43.2       
Fe I  3878.02 0.96 -0.90 33.3                                                  92.8                   
Fe I  3878.57 0.09 -1.38 56.2                                                                         
Fe I  3885.51 2.42 -1.09                               50.4                                           
Fe I  3886.28 0.05 -1.08 58.2                                                                         
Fe I  3887.05 0.91 -1.14                              113.3             110.6                         
Fe I  3895.66 0.11 -1.67 39.6                                                                         
Fe I  3899.71 0.09 -1.52 46.9                                                                         
Fe I  3902.95 1.56 -0.44 35.8                                     115.1 116.5                         
Fe I  3917.18 0.99 -2.16                  112.0        70.2        75.5  81.3  42.8                   
Fe I  3920.26 0.12 -1.73 39.4 171.1                   122.5       117.6        93.2                   
Fe I  3922.91 0.05 -1.63 47.2                                                 102.9                   
Fe I  3940.88 0.96 -2.60       84.8                    46.5        55.6  52.2  26.1                   
Fe I  3949.95 2.18 -1.25                   95.0        58.2        57.7  57.0  27.5                   
Fe I  3977.74 2.20 -1.12                               57.2        60.2  58.6  31.0                   
Fe I  4001.66 2.18 -1.90                   83.7        29.1        25.8  29.0                         
Fe I  4005.24 1.56 -0.58 32.0                         117.4       108.4 112.7  85.9                   
Fe I  4007.27 2.76 -1.28       74.8        76.7        32.2        23.8  27.1   6.6                   
Fe I  4014.53 3.05 -0.59                               58.5        51.1  55.8  21.0                   
Fe I  4021.87 2.76 -0.73      113.0       105.1        54.5        52.6  51.7  24.6                   
Fe I  4032.63 1.49 -2.38                   96.9                    35.7  37.7                         
Fe I  4044.61 2.83 -1.22                               42.5        24.6  31.1   7.9                   
Fe I  4045.81 1.49 +0.28 71.1                                                                         
Fe I  4058.22 3.21 -1.11       75.7        77.1        26.0        18.6  23.3   7.3                   
Fe I  4062.44 2.85 -0.86       91.7        91.0        50.4        38.5  41.2  16.9                   
Fe I  4063.59 1.56 +0.06 59.1                                                 112.7                   
Fe I  4067.27 2.56 -1.42                   89.1        49.2        33.6  34.9  10.8                   
Fe I  4067.98 3.21 -0.47      108.7       108.1        50.5        38.9  44.1  17.7                   
Fe I  4070.77 3.24 -0.79       86.3        93.0        36.6        23.4  28.2  13.1                   
Fe I  4071.74 1.61 -0.01 51.4                                                 103.9                   
Fe I  4073.76 3.27 -0.90       80.5        82.0        28.8        18.7  23.6                         
Fe I  4076.63 3.21 -0.37                               52.8        46.2  50.0  19.9                   
Fe I  4079.84 2.86 -1.36       65.1        77.7        25.6        19.2  20.2   5.7                   
Fe I  4095.97 2.59 -1.48                               31.0        24.8  29.0   9.5                   
Fe I  4098.18 3.24 -0.88                               34.0        21.3  29.6                         
Fe I  4109.06 3.29 -1.56       45.4        53.7        10.9               7.7                         
Fe I  4109.80 2.85 -0.94                   89.7        42.8        35.8  40.6  14.4                   
Fe I  4114.44 2.83 -1.30       70.0        77.3        29.9        24.3  26.0   8.4                   
Fe I  4120.21 2.99 -1.27       66.3        76.8        26.9        18.3  23.2   8.5                   
Fe I  4121.80 2.83 -1.45       69.5        76.5        27.4        22.2  24.4                         
Fe I  4132.06 1.61 -0.68 23.4                         118.4       109.9 113.5  78.8                   
Fe I  4132.90 2.85 -1.01       94.7        95.5        44.3        38.0  40.1  13.8                   
Fe I  4134.68 2.83 -0.65      112.0       102.9        59.1        52.1  54.3  26.5                   
Fe I  4137.00 3.42 -0.45       83.4        90.0        38.2        24.2  27.8  11.2                   
Fe I  4139.93 0.99 -3.63       41.4        58.7         9.9        13.6  14.4                         
Fe I  4143.41 3.05 -0.20      130.6                    77.7        56.2  65.3  36.6                   
Fe I  4143.87 1.56 -0.51 30.2 113.4                   125.4       107.5 114.7  86.3                   
Fe I  4147.67 1.48 -2.07                   99.5        52.8        54.4  57.5  21.9                   
Fe I  4152.17 0.96 -3.23                               41.0        36.9  38.2  10.1                   
Fe I  4153.90 3.40 -0.32                               57.1        41.3  43.9  19.1                   
Fe I  4154.50 2.83 -0.69                  112.8        57.5        49.2  53.3  24.0                   
Fe I  4154.80 3.37 -0.40       99.0       106.4        50.1        35.8  40.4  14.7                   
Fe I  4156.80 2.83 -0.81                               61.7        50.1  54.4  21.3                   
Fe I  4157.78 3.42 -0.40      103.3       103.4        46.6        33.8  38.3  12.1                   
Fe I  4158.79 3.43 -0.67       82.9        86.6        30.9        17.7  24.0   6.6                   
Fe I  4174.91 0.91 -2.94       90.8                    45.1        54.1  54.4  15.8                   
Fe I  4175.64 2.85 -0.83       99.9       102.6        52.0        46.9  47.9  20.9                   
Fe I  4181.76 2.83 -0.37                               73.9        65.1  69.1  38.1                   
Fe I  4182.38 3.02 -1.18       67.2        77.4        27.2        18.4  20.0                         
Fe I  4184.89 2.83 -0.87       98.6        99.9        49.2        41.9  40.6  16.7                   
Fe I  4187.04 2.45 -0.51  9.3 126.6                    80.3        70.2  75.8  47.4                   
Fe I  4187.80 2.42 -0.51 11.8                          90.0        80.3  82.5  51.7                   
Fe I  4191.43 2.47 -0.67                               77.3        70.6  69.1  41.9                   
Fe I  4195.33 3.33 -0.49                  100.6        51.4        39.7  44.2  16.3                   
Fe I  4196.21 3.40 -0.70       89.1        84.8        32.4        22.6  25.5                         
Fe I  4199.10 3.05 +0.16                                           69.0  71.8  49.6                   
Fe I  4202.03 1.49 -0.69 29.6                         108.9       106.2 107.7  81.8                   
Fe I  4216.18 0.00 -3.36      102.5       111.5        72.8        75.1  77.4  35.9                   
Fe I  4217.54 3.43 -0.48       99.8       102.3        42.1        30.2  33.1  11.4                   
Fe I  4222.21 2.45 -0.91      110.9       115.0        64.4        58.5  61.2  29.7                   
Fe I  4227.43 3.33 +0.27                                           72.2        46.0                   
Fe I  4233.60 2.48 -0.58                  137.4        77.2        69.3  72.3  44.3                   
Fe I  4238.81 3.40 -0.23      111.5       122.2        55.0        41.2  43.6  21.3                   
Fe I  4247.43 3.37 -0.24                               65.9        52.7  56.9  24.9                   
Fe I  4250.12 2.47 -0.38                              103.1        80.8  81.6  54.3                   
Fe I  4250.79 1.56 -0.71 24.1                         108.2       105.3 105.1  77.6                   
Fe I  4260.47 2.40 +0.08 25.5                         134.1       106.1 109.8  78.1                   
Fe I  4271.15 2.45 -0.34 10.9                         104.1        94.7        61.2                   
Fe I  4271.76 1.49 -0.17 54.2                                                 107.0                   
Fe I  4282.40 2.18 -0.78                  125.7        67.6        72.8  68.7  46.5                   
Fe I  4325.76 1.61 +0.01 51.5                                                 110.4                   
Fe I  4337.05 1.56 -1.70                               65.4        70.8  71.8  36.4                   
Fe I  4352.74 2.22 -1.29                  103.9        61.8        59.3  62.1  24.6                   
Fe I  4375.93 0.00 -3.00                  118.7        76.3        89.4  87.3  53.3                   
Fe I  4383.54 1.48 +0.20 70.7                                                 126.4                   
Fe I  4388.41 3.60 -0.68       72.1        86.3        23.4        16.2  13.0                         
Fe I  4404.75 1.56 -0.15 53.0                                     134.5       107.1                   
Fe I  4407.71 2.18 -1.97                               43.5        37.1        10.1                   
Fe I  4415.12 1.61 -0.62 30.1                         123.9       112.2 115.0  83.2                   
Fe I  4422.57 2.85 -1.11                               42.9        32.8  36.7  12.7                   
Fe I  4427.31 0.05 -2.92                  124.2        79.8        93.3  93.3  54.5                   
Fe I  4430.61 2.22 -1.66                               46.3  83.0  38.2  43.9  14.7                   
Fe I  4442.34 2.20 -1.23      116.5 123.0 129.5        69.0  96.9  61.8  65.2  29.0                   
Fe I  4443.19 2.86 -1.04            104.0  94.1        42.7  83.1  32.4  34.4  11.7                   
Fe I  4447.72 2.22 -1.34      110.6 122.0 120.9        59.9  94.9  55.2  56.1  26.9                   
Fe I  4454.38 2.83 -1.30       74.3  84.9  86.5        32.2  64.2  27.3  25.2  10.1                   
Fe I  4459.12 2.18 -1.28                               71.3        70.3        33.7                   
Fe I  4461.65 0.09 -3.19                  110.2        66.3  96.8  78.1  77.4  41.0                   
Fe I  4466.55 2.83 -0.60      116.4 127.5 122.2        64.4  99.3  57.2  62.4  28.4                   
Fe I  4476.02 2.85 -0.82                                                       27.5                   
Fe I  4484.22 3.60 -0.86       74.8  76.9  79.3        29.7  60.6  21.5  18.2                         
Fe I  4489.74 0.12 -3.90       62.4  79.8  80.6        33.9  59.6  43.9  49.0  12.3                   
Fe I  4490.08 3.02 -1.58       51.4  65.4  67.0              46.2         9.3                         
Fe I  4494.56 2.20 -1.14      123.7 132.0 130.9        68.4 102.0  66.8  66.9  34.3                   
Fe I  4528.61 2.18 -0.82                               86.4        87.4  85.2  50.4                   
Fe I  4531.15 1.48 -2.10      102.2 114.9 104.5        56.8  85.5  58.0  60.2  26.0                   
Fe I  4592.65 1.56 -2.46                               48.5        42.3  47.2  12.8                   
Fe I  4595.36 3.29 -1.76       36.6        51.5         5.6  35.1   5.7   5.2                         
Fe I  4602.94 1.49 -2.21       90.1  98.7  99.9        53.4  79.6  58.3  56.8  20.1                   
Fe I  4630.12 2.28 -2.59       35.9  53.5  53.4         9.3  33.3   6.9  10.6                         
Fe I  4632.91 1.61 -2.91       64.5                    18.8  49.5  18.6  19.4                         
Fe I  4643.46 3.64 -1.15       46.2  59.1  54.5         9.0  36.0   7.9   6.4                         
Fe I  4647.43 2.95 -1.35       74.3  90.8  78.4        29.2  66.5  19.5  22.8   8.3                   
Fe I  4661.97 2.98 -2.50       17.9  25.0  25.1                                                       
Fe I  4678.85 3.60 -0.83       71.9  82.6  84.8        30.7  64.3  21.6  21.5                         
Fe I  4691.41 2.99 -1.52                               22.7  56.2  16.8  18.6                         
Fe I  4707.27 3.24 -1.08       79.8  88.7  91.3        33.9  64.5  25.3  24.6   7.4                   
Fe I  4710.28 3.02 -1.61       62.0  74.1  74.4        16.3  46.1  13.2  15.0                         
Fe I  4733.59 1.49 -2.99       50.2  68.2              19.8  43.5  24.5  21.8                         
Fe I  4736.77 3.21 -0.75       95.6 107.3              49.2  78.4  34.6  36.7  13.9                   
Fe I  4786.81 3.00 -1.61       66.3  75.7  70.2  43.3  15.5  47.8  13.5  12.9              10.4  39.4 
Fe I  4789.65 3.53 -0.96       63.2  69.0  74.9  47.2  20.5  54.7  13.3  14.2              13.5  39.9 
Fe I  4800.65 4.12 -1.03       27.9  42.0  45.4  17.9   5.9  23.9         2.1               2.9  12.7 
Fe I  4871.32 2.87 -0.36                        102.4  75.4 105.1  68.5  66.7  36.0        59.5       
Fe I  4872.14 2.88 -0.57      106.3 121.7 123.0  94.4  68.8 104.0  62.5  57.4  29.9        48.7  90.7 
Fe I  4890.76 2.88 -0.39      127.5 140.6 143.9 108.9  76.0 113.9  69.7  65.1  37.1        59.7       
Fe I  4891.49 2.85 -0.11      138.3             129.2  93.5 129.8  79.4  79.7  49.5        73.2       
Fe I  4903.31 2.88 -0.93       99.2 105.1 110.5  82.9  50.9  83.4  45.0  44.9  17.1        35.7  77.1 
Fe I  4918.99 2.85 -0.34      130.4 144.6 147.8 114.4  84.0        67.6  72.8  38.9        64.0       
Fe I  4920.50 2.83 +0.07 12.8                   143.3 109.8 149.5  88.5  93.9  61.4        84.4       
Fe I  4924.77 2.28 -2.11       57.7  75.5  77.6  50.7  20.6  52.1  16.4  20.6              11.8  50.1 
Fe I  4938.81 2.88 -1.08       81.7  95.4  97.1  72.4  40.2  76.0  31.4  34.5  14.5        28.5  67.6 
Fe I  4939.69 0.86 -3.25       61.3  80.3  81.2  62.1  31.3  58.3  36.2  40.8              19.5  68.8 
Fe I  4946.39 3.37 -1.17       62.7  74.6  76.0  50.9  21.4  53.7  13.4  14.4              12.4  44.0 
Fe I  4966.09 3.33 -0.87       82.3  96.0  95.6  67.4  38.4  72.7  21.2  26.3              23.4  60.6 
Fe I  4973.10 3.96 -0.95       54.0  66.9  68.6  41.4  15.9  45.5   5.8   9.8                    32.2 
Fe I  4994.13 0.92 -2.97       71.1  86.7        69.7  40.7  64.8  50.2  48.2              27.6  75.1 
Fe I  5001.87 3.88 +0.05       96.1       102.5  73.8  46.5  83.0  32.2  31.8              31.7  64.4 
Fe I  5006.12 2.83 -0.62      113.3 130.4 122.9  99.7  70.0 102.7  58.9  65.2  30.0        52.1  92.1 
Fe I  5012.07 0.86 -2.64            126.5 122.6  98.3  66.7        70.8  74.7  35.1        53.1 100.4 
Fe I  5014.94 3.94 -0.30       80.4  88.7  89.3  63.2  37.7  71.8  22.2  23.6              22.6  53.9 
Fe I  5022.24 3.98 -0.53       69.7  79.7  83.3  53.0  23.7        16.9  17.1              14.7  43.2 
Fe I  5028.13 3.56 -1.12       55.2  65.7  68.0  39.1  17.1  39.3   7.7   8.9               8.5  31.8 
Fe I  5041.07 0.96 -3.09                               44.7        48.4  59.3              30.3       
Fe I  5041.76 1.49 -2.20                                           65.3  71.8  22.4                   
Fe I  5044.21 2.85 -2.08       36.0  49.6  53.5  28.8   9.3  26.6   7.9   6.6               4.7  26.5 
Fe I  5049.82 2.28 -1.36       98.4 108.2 112.2  85.2  60.0  88.0  52.9  58.8  24.6        43.1  83.9 
Fe I  5051.63 0.92 -2.76       99.2 116.8 111.2  84.6  61.8  91.5  60.6  67.0  23.1        41.4  86.6 
Fe I  5060.08 0.00 -5.46                   25.9  13.3                     5.4                    21.2 
Fe I  5068.77 2.94 -1.04       85.0  94.7  96.8  71.4  54.6  72.7  32.8  34.8  14.6        27.5  66.1 
Fe I  5074.75 4.22 -0.20       81.1  92.3  94.2  62.6        72.3  17.1  21.2                    50.5 
Fe I  5079.22 2.20 -2.10       67.1        83.0  59.8        63.7  28.9  33.5              18.8  60.4 
Fe I  5079.74 0.99 -3.24       75.9  85.1  86.4  61.0  42.0  61.2  38.5                    19.1  67.6 
Fe I  5083.34 0.96 -2.84       77.0  90.7  91.8  70.8        72.1  52.4  56.6  14.8        31.3  76.9 
Fe I  5090.77 4.26 -0.36       56.8  67.0  70.7  41.0        47.9   5.5   9.3               9.2  31.2 
Fe I  5098.70 2.18 -2.03                               42.0        35.1  44.1  12.5                   
Fe I  5110.41 0.00 -3.76       92.1              93.4  64.3        68.9  73.4  24.0        42.7  98.3 
Fe I  5123.72 1.01 -3.06       74.3  86.9  90.6  67.5  47.3  62.9  51.4  48.4  10.9        25.0  73.9 
Fe I  5125.12 4.22 -0.14                         66.4  32.4        19.5  21.4              20.4  49.4 
Fe I  5127.36 0.92 -3.25       63.4  77.6  79.7  59.8  32.9  52.9  35.9  41.5              18.8  66.7 
Fe I  5131.47 2.22 -2.52       48.1  66.2  66.1  39.0  11.1        11.0  13.7               7.2  38.9 
Fe I  5133.69 4.18 +0.14      105.1       118.4  79.2  49.0  88.9  31.0  34.8  13.6        34.7  65.5 
Fe I  5137.38 4.18 -0.40                   85.3  55.3  32.0        14.6  15.0                    44.6 
Fe I  5141.74 2.42 -2.24       51.7  62.5  65.2  41.7  19.9  39.8  12.5  14.0               8.5  41.5 
Fe I  5142.93 0.96 -3.08                   96.9  69.1  42.5  74.1  44.9  52.3  14.0        24.1  75.9 
Fe I  5150.84 0.99 -3.04       77.9  94.2  96.1  65.9  34.8  64.9  40.4  44.3  10.6        21.8  70.4 
Fe I  5151.91 1.01 -3.32       61.1  75.3  75.8  55.6  26.8  51.7  27.2  34.5              15.2  62.8 
Fe I  5162.27 4.18 +0.02       98.4 109.6 109.2  73.6  44.2  85.8  27.8  31.3              30.5  60.1 
Fe I  5166.28 0.00 -4.12       63.0  87.6  89.9  65.1  37.7  61.3  47.9  49.8  10.2        20.5  76.6 
Fe I  5171.60 1.49 -1.72      110.6 128.4 129.9 101.7  75.1 105.7  77.4  82.6  44.8        62.2 104.2 
Fe I  5191.46 3.04 -0.55            132.3 123.5  93.5  62.0 100.7  50.9  53.4  22.0        45.5  85.6 
Fe I  5192.34 3.00 -0.42      115.9 139.5 139.1 102.0  70.3 109.4  58.2  64.4  28.2        53.3  94.8 
Fe I  5194.94 1.56 -2.02       92.0 105.2 106.3  82.4  56.6  82.7  58.6  64.7  23.6        44.3  84.8 
Fe I  5198.71 2.22 -2.09       61.7  77.1  78.8  55.9  23.3  53.5  20.9  27.2              15.7  56.3 
Fe I  5202.34 2.18 -1.87                               48.1              46.4  11.2        31.5       
Fe I  5216.27 1.61 -2.08       93.9 102.7 104.8  78.0  52.3  82.3  55.2  60.5  19.8        40.7  79.6 
Fe I  5217.39 3.21 -1.16       68.9  83.2  85.8  58.9  27.9  59.6  20.6  22.7              17.0  53.3 
Fe I  5225.53 0.11 -4.76       20.3  41.8  41.0  29.3  11.0  21.5  12.8  18.5               5.2  43.4 
Fe I  5232.94 2.94 -0.06      145.5       157.9 127.6  95.0 127.1  75.2  85.1  50.9        72.6       
Fe I  5242.49 3.63 -0.97       58.6  67.9  71.6  45.4  18.7  49.7   9.7  12.2              10.7       
Fe I  5247.05 0.09 -4.95       17.9  37.2  35.2  23.7        19.7  13.5  13.1               3.6  37.4 
Fe I  5250.21 0.12 -4.94       14.6  35.4  36.5  23.3   6.0  14.0  11.3  12.7               3.3  36.5 
Fe I  5250.65 2.20 -2.18       69.6  85.7  85.3  59.8  31.5  60.4  25.7  29.6              18.2  59.9 
Fe I  5254.96 0.11 -4.76                         48.2              20.0  22.9                    54.1 
Fe I  5263.30 3.27 -0.88       78.8  88.7  90.5  65.5  30.2  70.0  25.2  27.2              21.2  59.1 
Fe I  5266.56 3.00 -0.38      114.5       133.3 103.7  69.8 105.3  62.3  65.0  31.1        54.7  95.5 
Fe I  5269.54 0.86 -1.33 32.6 163.1             155.5 122.5 152.9 126.1 132.9             106.3       
Fe I  5281.79 3.04 -0.83       92.2 104.7 107.0  77.7  51.1        36.4  40.9  13.6        32.0  72.0 
Fe I  5283.62 3.24 -0.52      106.3       121.8  91.1  59.1        46.1  50.6  19.9        41.2  82.2 
Fe I  5288.53 3.68 -1.51       23.0  38.0  38.3  17.2        19.8         2.4               2.3  12.5 
Fe I  5302.30 3.28 -0.72       84.0 101.1 103.1  72.7  41.5  75.8  28.5  32.8  11.2        26.5  65.6 
Fe I  5307.36 1.61 -2.91             72.1  69.5  45.2  17.3  46.6  16.7  20.2               9.3  47.9 
Fe I  5322.04 2.28 -2.80             36.6  35.0  17.9                     3.8                    18.3 
Fe I  5324.18 3.21 -0.10                  144.9 108.1  79.2 117.0  62.2  65.9  35.5        58.2 100.0 
Fe I  5328.04 0.92 -1.47 20.2                   147.1 115.1 145.8 117.9 126.3              99.0       
Fe I  5328.53 1.56 -1.85            132.9        95.7  73.5 105.8  74.5  80.2  37.3        55.5  95.2 
Fe I  5332.90 1.55 -2.78             78.7  73.4  51.6  31.4  55.7  21.7  24.9              13.0  55.5 
Fe I  5339.93 3.27 -0.72       85.7 104.3 105.2  77.8  45.7  85.3  34.1  38.9  14.7        31.2  70.7 
Fe I  5364.87 4.45 +0.23       86.9        98.6  64.9  36.4        22.2  22.9              23.9  51.7 
Fe I  5365.40 3.56 -1.02       48.1        62.1  36.3  13.9         7.6  10.2                    30.4 
Fe I  5367.47 4.42 +0.44       94.3       106.0  72.3  41.0  82.9  23.3  27.1  10.9        28.6  57.6 
Fe I  5369.96 4.37 +0.54      105.8 124.3 114.7  78.5  48.3  91.6  29.3  32.4  15.2        33.3  63.1 
Fe I  5371.49 0.96 -1.64 15.8 155.7             138.5 106.0 139.6 109.5 113.8              91.7       
Fe I  5379.57 3.69 -1.51       27.2  39.9  41.4  19.4        20.6         3.2               2.6  14.6 
Fe I  5383.37 4.31 +0.64      113.1 121.8 123.1  86.8  55.7  97.9  35.1  38.6  19.1        40.0  71.4 
Fe I  5389.48 4.42 -0.41       52.8  63.7  66.8  38.0  13.5  45.1   6.9   6.7               8.2  26.5 
Fe I  5393.17 3.24 -0.91       92.1 100.2 102.6  74.8  43.8  78.5  31.1  34.9  11.8              66.8 
Fe I  5397.13 0.92 -1.98      127.8 142.2 145.0 117.0  92.2 114.3  97.0 101.2  65.4        79.5       
Fe I  5405.78 0.99 -1.85      127.0 144.9 145.4 117.8  95.1 118.1  99.7 103.4              81.9       
Fe I  5410.91 4.47 +0.40       88.7        99.9  66.3  34.9  78.9  21.0  24.7              24.8  52.8 
Fe I  5415.20 4.39 +0.64      107.9 124.0 121.7  83.8  50.8  95.2  31.6  36.9  19.5        37.0  67.5 
Fe I  5424.07 4.32 +0.52      120.7 128.3 134.3  92.7  56.6  99.4  37.9  43.4  18.7        43.3  75.4 
Fe I  5429.70 0.96 -1.88 10.7                   122.4  97.2       104.3 107.0                         
Fe I  5434.52 1.01 -2.13      112.7 125.0 129.2 104.9  80.1 104.2  88.0  92.6  52.9        69.9 109.4 
Fe I  5446.92 0.99 -1.91      144.3       148.7 121.4  95.6       100.0 103.5                         
Fe I  5455.61 1.01 -2.09                        116.4                                                 
Fe I  5497.52 1.01 -2.82            111.9 112.5  80.3  56.0  80.9  56.8  60.4  19.1        36.1  84.8 
Fe I  5501.46 0.96 -3.05       76.0  96.1  96.1  71.6  47.8  68.7  50.2  55.7  15.1        29.4  77.4 
Fe I  5506.78 0.99 -2.79       84.1 100.2 102.6  79.5  51.3  80.2  60.4  65.9  22.1        38.8  84.4 
Fe I  5569.62 3.42 -0.54       91.5 102.0 106.8  77.9  47.8  80.4  32.4  37.3  13.3        30.9  69.9 
Fe I  5572.84 3.40 -0.28      108.8 128.7 132.1  93.2  61.7 101.0  46.6  49.6  22.7        42.4  82.9 
Fe I  5576.09 3.43 -1.00       73.4  85.7  88.3  61.0  24.1  64.9  19.6  23.7              18.2  54.4 
Fe I  5586.76 3.37 -0.14      117.4 133.8 135.2 104.3  80.2 108.6  55.6  59.0  27.3        51.6  93.6 
Fe I  5615.64 3.33 +0.05      127.7       150.9 109.2  83.1        64.0  68.7  37.3        60.3 103.5 
Fe I  5624.54 3.42 -0.76       79.8  91.4  97.0  67.3  36.5  71.2  23.3  26.4   9.6        21.7  60.1 
Fe I  5658.82 3.40 -0.79                         64.8  38.3        25.5  27.8  10.8        21.7  60.3 
Fe I  5662.52 4.18 -0.57       54.3        72.7  44.0  17.1         9.4  10.9               9.7  33.5 
Fe I  5679.02 4.65 -0.75                                                             44.8             
Fe I  5686.53 4.55 -0.45       43.0  51.6  57.9  26.0        37.9         5.7               4.0  16.8 
Fe I  5701.54 2.56 -2.14       42.2  59.5  62.2  37.0  13.1        10.9  13.4               7.0  37.1 
Fe I  5705.46 4.30 -1.35                                                             23.6             
Fe I  5717.83 4.28 -1.03                                                             50.0             
Fe I  5731.76 4.26 -1.20                                                             45.2             
Fe I  5753.12 4.26 -0.69       47.2        59.4  31.8  11.6         8.1   6.7               6.2       
Fe I  5778.45 2.59 -3.44                                                              8.1             
Fe I  5806.73 4.61 -0.95                                                             40.5             
Fe I  5809.21 3.88 -1.71                                                             30.2             
Fe I  5816.37 4.55 -0.60       38.7  50.2               7.0  32.7         2.8                         
Fe I  5852.22 4.55 -1.23                                                             23.4             
Fe I  5856.09 4.29 -1.46                                                             19.3             
Fe I  5905.67 4.65 -0.69                                                             44.1             
Fe I  5909.97 3.21 -2.60                                                             22.6             
Fe I  5916.25 2.45 -2.99                                                             34.3             
Fe I  5927.79 4.65 -0.99                                                             30.3             
Fe I  5929.68 4.55 -1.31                                                             25.5             
Fe I  5934.65 3.93 -1.07                                                             57.4             
Fe I  5952.72 3.98 -1.34                                                             45.7             
Fe I  5956.69 0.86 -4.55                                                             20.4             
Fe I  6003.01 3.88 -1.06                                                             67.3             
Fe I  6027.05 4.08 -1.09                                                             53.7             
Fe I  6056.00 4.73 -0.40                                                             59.3             
Fe I  6065.48 2.61 -1.41       76.9  91.9  94.6  71.7  40.6  71.9  31.6  37.0  12.8 102.9        67.2 
Fe I  6096.66 3.98 -1.81                                                             20.3             
Fe I  6127.91 4.14 -1.40                                                             34.1             
Fe I  6136.62 2.45 -1.41       98.2 108.4 108.1  84.0  54.1  87.1  47.2  53.0  19.1        38.0  81.4 
Fe I  6137.69 2.59 -1.35       88.1 102.5 105.6  77.9  48.9  81.0  40.2  44.5  14.8        31.6  76.4 
Fe I  6151.62 2.18 -3.37             22.1  25.0  11.2        11.0         2.4        22.8        13.6 
Fe I  6165.36 4.14 -1.46                                                             27.5             
Fe I  6170.51 4.80 -0.38                                                             58.7             
Fe I  6173.33 2.22 -2.88                                                             51.5             
Fe I  6180.20 2.73 -2.63                                                             36.9             
Fe I  6191.56 2.43 -1.42       91.7 105.8 105.4  79.6        80.9  47.6  50.8  17.6        33.5  78.4 
Fe I  6200.31 2.61 -2.44       29.5        49.9  27.1               5.6   7.0               3.4  26.4 
Fe I  6213.43 2.22 -2.48       41.0        62.2  39.7  15.0  36.6  13.5  13.8        68.6   7.1  39.8 
Fe I  6219.28 2.20 -2.45       51.3  67.7  69.4  46.0  18.8  44.6  16.1  18.4               9.9  48.3 
Fe I  6229.23 2.85 -2.83                                                             25.3             
Fe I  6230.72 2.56 -1.28       96.5 109.8 113.0  88.1  57.4  88.9  49.4  55.6  20.1        38.8  84.1 
Fe I  6232.64 3.65 -1.22                                                             65.4             
Fe I  6240.64 2.22 -3.17             21.7  22.5  10.3        11.2         3.2        25.6        11.1 
Fe I  6246.32 3.60 -0.88       69.3  84.3  87.0  58.0  28.2  61.7  15.7  20.2              16.5  50.3 
Fe I  6252.56 2.40 -1.69       78.7  99.5  95.9  71.4  43.3  71.2  36.0  41.7  12.7        26.6  70.9 
Fe I  6254.26 2.28 -2.44                         54.7  25.8        15.2  18.7                    47.6 
Fe I  6265.13 2.18 -2.54       46.8        64.8  41.9  15.4  39.1  13.2  16.7        67.6   9.6  43.7 
Fe I  6297.79 2.22 -2.64             48.5  51.7  29.7  22.2  25.5   7.5   9.3                         
Fe I  6301.50 3.65 -0.72             84.6  85.9  59.8  34.2        14.9  20.3                         
Fe I  6322.68 2.59 -2.47       33.0        50.5  28.3               7.8   7.0               4.2  27.2 
Fe I  6335.33 2.20 -2.18       61.4  77.1  77.7  55.0  25.0  56.3  22.9  27.2              14.5  57.0 
Fe I  6336.84 3.69 -1.05       63.1  77.2  80.2  50.3  21.3  54.6  11.8  16.4                    42.9 
Fe I  6344.15 2.43 -2.88       18.9  34.7  38.6  18.0   5.5  17.4   3.1   4.2               2.5  15.6 
Fe I  6355.03 2.84 -2.29       29.9  42.8  44.4  21.8   6.6  22.3   4.1   5.9               3.2  20.6 
Fe I  6380.74 4.19 -1.32                                                             33.4             
Fe I  6393.60 2.43 -1.58       87.4 102.4 103.5  77.7  47.5  77.7  42.4  47.5  15.3        32.5  77.2 
Fe I  6400.00 3.60 -0.29      103.1 120.7 116.6  85.9  52.6  89.6  35.8  41.4  13.7        33.7  75.7 
Fe I  6411.65 3.65 -0.60       76.8  88.5  93.9  66.1  34.6  68.8  20.4  25.0              20.2  57.9 
Fe I  6421.35 2.28 -2.01       73.2        91.9  64.0              29.6  32.9              19.6  64.7 
Fe I  6430.85 2.18 -1.95       75.1        94.0  66.6              35.2  40.4  12.6 100.4  23.4  69.6 
Fe I  6481.87 2.28 -2.98                                                             41.2             
Fe I  6494.98 2.40 -1.24       99.5 117.3 117.2  94.5  64.6  94.0  59.3  64.6  27.4        47.2  92.7 
Fe I  6498.94 0.96 -4.70             16.5  19.9   9.3         6.3                    18.6        14.2 
Fe I  6518.36 2.83 -2.44                                                             40.2             
Fe I  6592.91 2.73 -1.47       71.1  91.7  88.2  67.3  35.5  67.7  25.1  33.0              21.2  62.9 
Fe I  6593.87 2.44 -2.37       41.6  61.0  60.0  39.2  13.3  35.7   9.8  13.0        65.6   7.0  37.7 
Fe I  6597.56 4.80 -0.97                                                             26.9             
Fe I  6609.11 2.56 -2.66       21.3  40.5  40.7  19.2   5.3  18.6   3.5   3.9        39.6   2.7  20.0 
Fe I  6663.44 2.42 -2.48       48.6        61.9  35.9  16.1        10.2  11.3               6.8  35.4 
Fe I  6677.99 2.69 -1.42       82.0       100.4  75.5              35.6  40.8  14.1        28.7  72.5 
Fe I  6699.14 4.59 -2.10                                                              4.0             
Fe I  6703.56 2.76 -3.02                                                             16.8             
Fe I  6705.10 4.61 -0.98                                                             28.6             
Fe I  6713.74 4.79 -1.40                                                             10.5             
Fe I  6726.66 4.61 -1.03                                                             26.7             
Fe I  6750.15 2.42 -2.58       31.2        49.8  29.6   9.2  26.8   8.2   8.5        51.1   5.3  30.3 
Fe I  6752.71 4.64 -1.22                                                             18.0             
Fe I  6810.26 4.61 -0.98                                                             35.1             
Fe I  6828.59 4.64 -0.82                                                             42.1             
Fe I  6837.00 4.59 -1.68                                                             10.6             
Fe I  6841.34 4.61 -0.71                                                             54.4             
Fe I  6842.69 4.64 -1.22                                                             22.5             
Fe I  6843.66 4.55 -0.83                                                             44.6             
Fe I  6855.16 4.56 -0.74                                                             57.3             
Fe I  6858.15 4.61 -0.94                                                             30.4             
Fe I  6945.20 2.42 -2.45                                                             66.7             
Fe I  6978.85 2.48 -2.45                               12.0         9.7              61.0        33.9 
Fe I  6999.88 4.10 -1.46                                                             32.7             
Fe I  7022.95 4.19 -1.15                                                             48.1             
Fe I  7090.38 4.23 -1.11                                                             49.0             
Fe I  7132.99 4.08 -1.65                                                             23.8             
Fe I  7401.68 4.19 -1.50                                                             25.4             
Fe I  7583.79 3.02 -1.88                                                             65.2             
Fe I  7710.36 4.22 -1.11                                                             49.1             
Fe II 4122.67 2.58 -3.38                                           10.1                               
Fe II 4128.75 2.58 -3.47                   59.0                                                       
Fe II 4178.86 2.58 -2.51      106.4       107.2        37.1        43.0  37.7  17.0                   
Fe II 4233.17 2.58 -1.97  6.4                          66.0        65.7  63.5  43.5                   
Fe II 4416.82 2.78 -2.60       91.3        97.9        31.0        31.8  28.5  10.3                   
Fe II 4489.18 2.83 -2.97                               20.6  73.9  16.9  17.0                         
Fe II 4491.41 2.86 -2.71       90.5  91.9  94.9        23.9  74.4  21.8  19.1   7.0                   
Fe II 4508.28 2.86 -2.58      102.7 105.2 105.4        39.0  91.0  35.8  33.2  15.8                   
Fe II 4515.34 2.84 -2.60       99.7 107.2 102.1        33.1  87.1  29.9  27.3  10.5                   
Fe II 4520.22 2.81 -2.60       99.4  97.2  96.9        31.4  82.4  28.4  25.9   9.7                   
Fe II 4522.63 2.84 -2.25                               56.7        50.2  47.3  24.7                   
Fe II 4541.52 2.86 -3.05       76.8  76.9  81.0        17.8  61.8  13.8  13.7                         
Fe II 4555.89 2.83 -2.40            111.7 103.0        40.4  98.8  36.5  32.9  13.4                   
Fe II 4576.34 2.84 -2.95       79.4  80.6  82.3        15.6  64.5  18.3  12.9                         
Fe II 4583.84 2.81 -1.93                               65.1 119.0  67.5  58.1  35.7                   
Fe II 4620.52 2.83 -3.21       62.2  64.7  65.8         8.7  49.7   7.8   6.9                         
Fe II 4731.44 2.89 -3.36       68.7                    15.5  55.9  11.2  10.8                         
Fe II 4923.93 2.89 -1.32 13.3 166.8             110.0  82.8 147.3  82.4  78.6  59.6              93.3 
Fe II 4993.35 2.81 -3.67             45.8        16.9   4.0  31.1         4.3               3.8  10.8 
Fe II 5018.45 2.89 -1.22 17.3                   120.9  93.3        93.2  90.6  67.6             103.6 
Fe II 5197.58 3.23 -2.22      101.4  99.0 100.0  59.3  33.5  84.8  27.1  27.0  11.6        29.7  44.7 
Fe II 5234.63 3.22 -2.18       99.5 100.8 103.5  61.7  35.1  88.8  31.5  30.9  16.0        33.3  47.9 
Fe II 5276.00 3.20 -2.01                         76.8  45.8 108.3  37.1  38.6  17.1        39.9  56.0 
Fe II 5284.08 2.89 -3.19       66.9        75.2  34.0  12.7               9.0              10.7  23.3 
Fe II 5325.55 3.22 -3.16             55.2  55.2  20.0   6.1  39.8         6.0               4.8  11.1 
Fe II 5414.07 3.22 -3.58             35.6  37.4   9.6        20.7         3.5               2.0   4.9 
Fe II 5534.83 3.25 -2.93       67.9        77.3  35.1  14.2  60.8  10.8  11.3              11.8  23.0 
Fe II 6247.54 3.89 -2.51       64.4        69.8  28.8  11.9  56.9   6.3   8.0               8.7  16.4 
Fe II 6369.46 2.89 -4.11                                                             33.0             
Fe II 6432.68 2.89 -3.71       44.8        55.5  17.4               5.1   3.9        65.4   3.8  10.8 
Fe II 6456.38 3.90 -2.08       77.1        79.3  39.8  15.4  67.5   9.6  11.1              14.6  26.6 
Fe II 6516.07 2.89 -3.31                                                             81.1             
Fe II 7224.47 3.89 -3.20                                                             36.9             
Fe II 7711.72 3.90 -2.50                                                             77.7             
